0000000000
1821.0000000000
1814.0000000000
1812.0000000000
1807.0000000000
1810.0000000000
1802.0000000000
1804.0000000000
1799.0000000000
1813.0000000000
1801.0000000000
1810.0000000000
1801.0000000000
1810.0000000000
1815.0000000000
1809.0000000000
1811.0000000000
1803.0000000000
1807.0000000000
1820.0000000000
1813.0000000000
1806.0000000000
1816.0000000000
1807.0000000000
1809.0000000000
1794.0000000000
1805.0000000000
1801.0000000000
1812.0000000000
1806.0000000000
1804.0000000000
1816.0000000000
1805.0000000000
1805.0000000000
1808.0000000000
1808.0000000000
1819.0000000000
1809.0000000000
1803.0000000000
1810.0000000000
1809.0000000000
1806.0000000000
1806.0000000000
1800.0000000000
1814.0000000000
1814.0000000000
1811.0000000000
1808.0000000000
1804.0000000000
1806.0000000000
1813.0000000000
1804.0000000000
1805.0000000000
1807.0000000000
1805.0000000000
1811.0000000000
1810.0000000000
1807.0000000000
1809.0000000000
1807.0000000000
1807.0000000000
1804.0000000000
1811.0000000000
1816.0000000000
1808.0000000000
1819.0000000000
1805.0000000000
1814.0000000000
1807.0000000000
1812.0000000000
1811.0000000000
1810.0000000000
1790.0000000000
1798.0000000000
1805.0000000000
1813.0000000000
1815.0000000000
1810.0000000000
1817.0000000000
1809.0000000000
1805.0000000000
1813.0000000000
1801.0000000000
1809.0000000000
1801.0000000000
1803.0000000000
1801.0000000000
1809.0000000000
1801.0000000000
1805.0000000000
1807.0000000000
1801.0000000000
1804.0000000000
1803.0000000000
1802.0000000000
1810.0000000000
1802.0000000000
1799.0000000000
1810.0000000000
1811.0000000000
1804.0000000000
1803.0000000000
1808.0000000000
1814.0000000000
1811.0000000000
1818.0000000000
1816.0000000000
1802.0000000000
1804.0000000000
1816.0000000000
1819.0000000000
1813.0000000000
1810.0000000000
1810.0000000000
1804.0000000000
1798.0000000000
1802.0000000000
1803.0000000000
1818.0000000000
1803.0000000000
1807.0000000000
1815.0000000000
1805.0000000000
1798.0000000000
1806.0000000000
1805.0000000000
1811.0000000000
1809.0000000000
1809.0000000000
1814.0000000000
1804.0000000000
1800.0000000000
1804.0000000000
1821.0000000000
1798.0000000000
1803.0000000000
1794.0000000000
1808.0000000000
1818.0000000000
1814.0000000000
1798.0000000000
1813.0000000000
1810.0000000000
1805.0000000000
1816.0000000000
1815.0000000000
1796.0000000000
1806.0000000000
1804.0000000000
1803.0000000000
1802.0000000000
1810.0000000000
1801.0000000000
1814.0000000000
1815.0000000000
1804.0000000000
1810.0000000000
1806.0000000000
1809.0000000000
1790.0000000000
1813.0000000000
1808.0000000000
1799.0000000000
1809.0000000000
1810.0000000000
1792.0000000000
1812.0000000000
1807.0000000000
1813.0000000000
1819.0000000000
1808.0000000000
1810.0000000000
1798.0000000000
1803.0000000000
1803.0000000000
1807.0000000000
1816.0000000000
1805.0000000000
1815.0000000000
1822.0000000000
1800.0000000000
1812.0000000000
1810.0000000000
1799.0000000000
1810.0000000000
1803.0000000000
1817.0000000000
1802.0000000000
1803.0000000000
1808.0000000000
1804.0000000000
1813.0000000000
1809.0000000000
1810.0000000000
1804.0000000000
1818.0000000000
1811.0000000000
1814.0000000000
1812.0000000000
1812.0000000000
1801.0000000000
1813.0000000000
1796.0000000000
1811.0000000000
1802.0000000000
1812.0000000000
1809.0000000000
1812.0000000000
1806.0000000000
1803.0000000000
1818.0000000000
1806.0000000000
1807.0000000000
1801.0000000000
1815.0000000000
1800.0000000000
1814.0000000000
1814.0000000000
1802.0000000000
1806.0000000000
1813.0000000000
1809.0000000000
1818.0000000000
1798.0000000000
1804.0000000000
1807.0000000000
1803.0000000000
1808.0000000000
1807.0000000000
1801.0000000000
1802.0000000000
1815.0000000000
1818.0000000000
1813.0000000000
1808.0000000000
1807.0000000000
1810.0000000000
1809.0000000000
1804.0000000000
1812.0000000000
1812.0000000000
1798.0000000000
1808.0000000000
1803.0000000000
1819.0000000000
1822.0000000000
1804.0000000000
1805.0000000000
1795.0000000000
1807.0000000000
1803.0000000000
1803.0000000000
1808.0000000000
1809.0000000000
1808.0000000000
1806.0000000000
1807.0000000000
1805.0000000000
1799.0000000000
1806.0000000000
1795.0000000000
1815.0000000000
1821.0000000000
1805.0000000000
1798.0000000000
1811.0000000000
1811.0000000000
1812.0000000000
1809.0000000000
1813.0000000000
1811.0000000000
1815.0000000000
1809.0000000000
1809.0000000000
1818.0000000000
1813.0000000000
1815.0000000000
1808.0000000000
1804.0000000000
1801.0000000000
1805.0000000000
1810.0000000000
1800.0000000000
1804.0000000000
1818.0000000000
1806.0000000000
1808.0000000000
1800.0000000000
1810.0000000000
1817.0000000000
1820.0000000000
1808.0000000000
1802.0000000000
1804.0000000000
1814.0000000000
1813.0000000000
1805.0000000000
1799.0000000000
1808.0000000000
1803.0000000000
1806.0000000000
1810.0000000000
1814.0000000000
1806.0000000000
1812.0000000000
1819.0000000000
1807.0000000000
1813.0000000000
1811.0000000000
1819.0000000000
1801.0000000000
1805.0000000000
1815.0000000000
1817.0000000000
1814.0000000000
1810.0000000000
1814.0000000000
1803.0000000000
1816.0000000000
1813.0000000000
1799.0000000000
1810.0000000000
1812.0000000000
1801.0000000000
1803.0000000000
1823.0000000000
1799.0000000000
1802.0000000000
1809.0000000000
1814.0000000000
1808.0000000000
1809.0000000000
1810.0000000000
1808.0000000000
1811.0000000000
1804.0000000000
1810.0000000000
1815.0000000000
1811.0000000000
1814.0000000000
1809.0000000000
1806.0000000000
1790.0000000000
1809.0000000000
1807.0000000000
1807.0000000000
1809.0000000000
1810.0000000000
1813.0000000000
1796.0000000000
1820.0000000000
1804.0000000000
1814.0000000000
1808.0000000000
1806.0000000000
1806.0000000000
1807.0000000000
1815.0000000000
1810.0000000000
1812.0000000000
1817.0000000000
1809.0000000000
1796.0000000000
1823.0000000000
1803.0000000000
1814.0000000000
1805.0000000000
1793.0000000000
1807.0000000000
1802.0000000000
1814.0000000000
1798.0000000000
1807.0000000000
1820.0000000000
1801.0000000000
1802.0000000000
1808.0000000000
1798.0000000000
1803.0000000000
1812.0000000000
1793.0000000000
1798.0000000000
1812.0000000000
1809.0000000000
1803.0000000000
1803.0000000000
1812.0000000000
1808.0000000000
1801.0000000000
1817.0000000000
1811.0000000000
1800.0000000000
1797.0000000000
1805.0000000000
1800.0000000000
1797.0000000000
1806.0000000000
1816.0000000000
1798.0000000000
1812.0000000000
1815.0000000000
1806.0000000000
1792.0000000000
1801.0000000000
1808.0000000000
1813.0000000000
1813.0000000000
1813.0000000000
1814.0000000000
1804.0000000000
1820.0000000000
1801.0000000000
1810.0000000000
1815.0000000000
1806.0000000000
1811.0000000000
1805.0000000000
1807.0000000000
1798.0000000000
1809.0000000000
1802.0000000000
1812.0000000000
1808.0000000000
1808.0000000000
1812.0000000000
1803.0000000000
1807.0000000000
1808.0000000000
1816.0000000000
1801.0000000000
1809.0000000000
1811.0000000000
1806.0000000000
1805.0000000000
1804.0000000000
1815.0000000000
1805.0000000000
1806.0000000000
1792.0000000000
1810.0000000000
1802.0000000000
1812.0000000000
1814.0000000000
1815.0000000000
1808.0000000000
1802.0000000000
1815.0000000000
1799.0000000000
1808.0000000000
1811.0000000000
1801.0000000000
1808.0000000000
1809.0000000000
1813.0000000000
1808.0000000000
1816.0000000000
1808.0000000000
1810.0000000000
1805.0000000000
1793.0000000000
1803.0000000000
1811.0000000000
1813.0000000000
1810.0000000000
1806.0000000000
1816.0000000000
1810.0000000000
1801.0000000000
1815.0000000000
1800.0000000000
1803.0000000000
1799.0000000000
1813.0000000000
1801.0000000000
1810.0000000000
1806.0000000000
1814.0000000000
1812.0000000000
1808.0000000000
1812.0000000000
1806.0000000000
1798.0000000000
1804.0000000000
1816.0000000000
1821.0000000000
1814.0000000000
1812.0000000000
1799.0000000000
1803.0000000000
1802.0000000000
1817.0000000000
1808.0000000000
1808.0000000000
1822.0000000000
1809.0000000000
1801.0000000000
1804.0000000000
1807.0000000000
1817.0000000000
1809.0000000000
1796.0000000000
1815.0000000000
1798.0000000000
1810.0000000000
1800.0000000000
1809.0000000000
1805.0000000000
1803.0000000000
1805.0000000000
1809.0000000000
1810.0000000000
1805.0000000000
1809.0000000000
1809.0000000000
1799.0000000000
1795.0000000000
1804.0000000000
1821.0000000000
1810.0000000000
1802.0000000000
1812.0000000000
1803.0000000000
1813.0000000000
1807.0000000000
1802.0000000000
1799.0000000000
1803.0000000000
1802.0000000000
1801.0000000000
1803.0000000000
1823.0000000000
1811.0000000000
1801.0000000000
1807.0000000000
1811.0000000000
1808.0000000000
1803.0000000000
1806.0000000000
1806.0000000000
1803.0000000000
1816.0000000000
1812.0000000000
1808.0000000000
1807.0000000000
1811.0000000000
1803.0000000000
1802.0000000000
1818.0000000000
1803.0000000000
1801.0000000000
1813.0000000000
1807.0000000000
1813.0000000000
1812.0000000000
1804.0000000000
1796.0000000000
1805.0000000000
1800.0000000000
1809.0000000000
1810.0000000000
1817.0000000000
1801.0000000000
1814.0000000000
1818.0000000000
1805.0000000000
1809.0000000000
1802.0000000000
1816.0000000000
1815.0000000000
1820.0000000000
1811.0000000000
1816.0000000000
1797.0000000000
1818.0000000000
1813.0000000000
1807.0000000000
1809.0000000000
1797.0000000000
1803.0000000000
1805.0000000000
1807.0000000000
1812.0000000000
1792.0000000000
1819.0000000000
1807.0000000000
1807.0000000000
1803.0000000000
1814.0000000000
1809.0000000000
1808.0000000000
1817.0000000000
1803.0000000000
1802.0000000000
1807.0000000000
1810.0000000000
1811.0000000000
1814.0000000000
1812.0000000000
1800.0000000000
1809.0000000000
1808.0000000000
1801.0000000000
1804.0000000000
1805.0000000000
1813.0000000000
1796.0000000000
1810.0000000000
1801.0000000000
1798.0000000000
1813.0000000000
1810.0000000000
1805.0000000000
1809.0000000000
1801.0000000000
1806.0000000000
1803.0000000000
1819.0000000000
1796.0000000000
1806.0000000000
1800.0000000000
1802.0000000000
1802.0000000000
1809.0000000000
1816.0000000000
1816.0000000000
1809.0000000000
1807.0000000000
1812.0000000000
1812.0000000000
1812.0000000000
1801.0000000000
1799.0000000000
1817.0000000000
1813.0000000000
1819.0000000000
1808.0000000000
1801.0000000000
1802.0000000000
1800.0000000000
1804.0000000000
1809.0000000000
1801.0000000000
1800.0000000000
1822.0000000000
1801.0000000000
1807.0000000000
1818.0000000000
1808.0000000000
1806.0000000000
1797.0000000000
1807.0000000000
1816.0000000000
1803.0000000000
1819.0000000000
1818.0000000000
1817.0000000000
1815.0000000000
1808.0000000000
1809.0000000000
1803.0000000000
1805.0000000000
1804.0000000000
1809.0000000000
1807.0000000000
1803.0000000000
1805.0000000000
1818.0000000000
1808.0000000000
1808.0000000000
1804.0000000000
1821.0000000000
1806.0000000000
1809.0000000000
1799.0000000000
1809.0000000000
1798.0000000000
1809.0000000000
1805.0000000000
1810.0000000000
1803.0000000000
1808.0000000000
1801.0000000000
1807.0000000000
1798.0000000000
1813.0000000000
1825.0000000000
1808.0000000000
1812.0000000000
1807.0000000000
1810.0000000000
1814.0000000000
1811.0000000000
1823.0000000000
1808.0000000000
1808.0000000000
1798.0000000000
1813.0000000000
1808.0000000000
1807.0000000000
1802.0000000000
1814.0000000000
1802.0000000000
1815.0000000000
1821.0000000000
1807.0000000000
1808.0000000000
1809.0000000000
1818.0000000000
1807.0000000000
1805.0000000000
1806.0000000000
1806.0000000000
1810.0000000000
1823.0000000000
1814.0000000000
1801.0000000000
1807.0000000000
1813.0000000000
1815.0000000000
1808.0000000000
1812.0000000000
1807.0000000000
1802.0000000000
1804.0000000000
1814.0000000000
1799.0000000000
1812.0000000000
1801.0000000000
1801.0000000000
1812.0000000000
1807.0000000000
1813.0000000000
1801.0000000000
1807.0000000000
1805.0000000000
1801.0000000000
1813.0000000000
1810.0000000000
1808.0000000000
1806.0000000000
1814.0000000000
1808.0000000000
1818.0000000000
1818.0000000000
1797.0000000000
1812.0000000000
1817.0000000000
1795.0000000000
1822.0000000000
1807.0000000000
1815.0000000000
1814.0000000000
1802.0000000000
1805.0000000000
1815.0000000000
1811.0000000000
1809.0000000000
1810.0000000000
1803.0000000000
1809.0000000000
1808.0000000000
1810.0000000000
1811.0000000000
1817.0000000000
1805.0000000000
1792.0000000000
1811.0000000000
1814.0000000000
1815.0000000000
1817.0000000000
1806.0000000000
1815.0000000000
1808.0000000000
1807.0000000000
1808.0000000000
1811.0000000000
1815.0000000000
1812.0000000000
1810.0000000000
1817.0000000000
1802.0000000000
1812.0000000000
1807.0000000000
1801.0000000000
1799.0000000000
1822.0000000000
1806.0000000000
1817.0000000000
1797.0000000000
1813.0000000000
1819.0000000000
1809.0000000000
1814.0000000000
1807.0000000000
1797.0000000000
1817.0000000000
1818.0000000000
1808.0000000000
1809.0000000000
1803.0000000000
1808.0000000000
1810.0000000000
1807.0000000000
1818.0000000000
1805.0000000000
1809.0000000000
1809.0000000000
1798.0000000000
1813.0000000000
1814.0000000000
1821.0000000000
1826.0000000000
1814.0000000000
1794.0000000000
1814.0000000000
1807.0000000000
1814.0000000000
1794.0000000000
1814.0000000000
1816.0000000000
1809.0000000000
1811.0000000000
1804.0000000000
1807.0000000000
1803.0000000000
1806.0000000000
1814.0000000000
1814.0000000000
1815.0000000000
1803.0000000000
1805.0000000000
1806.0000000000
1801.0000000000
1814.0000000000
1814.0000000000
1810.0000000000
1808.0000000000
1805.0000000000
1817.0000000000
1810.0000000000
1802.0000000000
1809.0000000000
1811.0000000000
1813.0000000000
1806.0000000000
1807.0000000000
1807.0000000000
1799.0000000000
1801.0000000000
1812.0000000000
1811.0000000000
1800.0000000000
1805.0000000000
1812.0000000000
1815.0000000000
1801.0000000000
1816.0000000000
1806.0000000000
1802.0000000000
1802.0000000000
1810.0000000000
1817.0000000000
1801.0000000000
1806.0000000000
1802.0000000000
1815.0000000000
1809.0000000000
1810.0000000000
1811.0000000000
1803.0000000000
1801.0000000000
1800.0000000000
1803.0000000000
1816.0000000000
1809.0000000000
1812.0000000000
1804.0000000000
1811.0000000000
1810.0000000000
1800.0000000000
1812.0000000000
1803.0000000000
1810.0000000000
1814.0000000000
1814.0000000000
1807.0000000000
1814.0000000000
1813.0000000000
1812.0000000000
1818.0000000000
1804.0000000000
1818.0000000000
1809.0000000000
1791.0000000000
1806.0000000000
1808.0000000000
1809.0000000000
1809.0000000000
1811.0000000000
1811.0000000000
1805.0000000000
1817.0000000000
1790.0000000000
1812.0000000000
1812.0000000000
1800.0000000000
1809.0000000000
1810.0000000000
1814.0000000000
1800.0000000000
1817.0000000000
1799.0000000000
1804.0000000000
1811.0000000000
1809.0000000000
1796.0000000000
1818.0000000000
1816.0000000000
1808.0000000000
1815.0000000000
1813.0000000000
1801.0000000000
1805.0000000000
1809.0000000000
1815.0000000000
1811.0000000000
1798.0000000000
1812.0000000000
1815.0000000000
1805.0000000000
1794.0000000000
1806.0000000000
1812.0000000000
1798.0000000000
1804.0000000000
1808.0000000000
1818.0000000000
1811.0000000000
1807.0000000000
1816.0000000000
1823.0000000000
1810.0000000000
1807.0000000000
1819.0000000000
1807.0000000000
1812.0000000000
1804.0000000000
1798.0000000000
1815.0000000000
1812.0000000000
1808.0000000000
1813.0000000000
1819.0000000000
1807.0000000000
1798.0000000000
1816.0000000000
1809.0000000000
1810.0000000000
1805.0000000000
1807.0000000000
1810.0000000000
1811.0000000000
1797.0000000000
1798.0000000000
1801.0000000000
1813.0000000000
1812.0000000000
1804.0000000000
1806.0000000000
1810.0000000000
1808.0000000000
1808.0000000000
1818.0000000000
1799.0000000000
1806.0000000000
1811.0000000000
1807.0000000000
1822.0000000000
1800.0000000000
1808.0000000000
1810.0000000000
1805.0000000000
1811.0000000000
1808.0000000000
1793.0000000000
1813.0000000000
1807.0000000000
1799.0000000000
1811.0000000000
1800.0000000000
1816.0000000000
1807.0000000000
1809.0000000000
1796.0000000000
1802.0000000000
1802.0000000000
1814.0000000000
1815.0000000000
1808.0000000000
1808.0000000000
1816.0000000000
1808.0000000000
1809.0000000000
1807.0000000000
1817.0000000000
1818.0000000000
1814.0000000000
1795.0000000000
1809.0000000000
1817.0000000000
1810.0000000000
1812.0000000000
1817.0000000000
1805.0000000000
1803.0000000000
1813.0000000000
1811.0000000000
1814.0000000000
1812.0000000000
1804.0000000000
1816.0000000000
1810.0000000000
1813.0000000000
1804.0000000000
1806.0000000000
1812.0000000000
1814.0000000000
1810.0000000000
1815.0000000000
1802.0000000000
1813.0000000000
1805.0000000000
1812.0000000000
1816.0000000000
1808.0000000000
1812.0000000000
1803.0000000000
1797.0000000000
1812.0000000000
1810.0000000000
1811.0000000000
1811.0000000000
1800.0000000000
1803.0000000000
1809.0000000000
1806.0000000000
1811.0000000000
1814.0000000000
1799.0000000000
1810.0000000000
1812.0000000000
1810.0000000000
1810.0000000000
1810.0000000000
1806.0000000000
1806.0000000000
1808.0000000000
1816.0000000000
1796.0000000000
1802.0000000000
1813.0000000000
1808.0000000000
1814.0000000000
1810.0000000000
1801.0000000000
1807.0000000000
1811.0000000000
1812.0000000000
1812.0000000000
1813.0000000000
1813.0000000000
1811.0000000000
1805.0000000000
1800.0000000000
1801.0000000000
1805.0000000000
1815.0000000000
1812.0000000000
1815.0000000000
1802.0000000000
1811.0000000000
1794.0000000000
1802.0000000000
1800.0000000000
1812.0000000000
1812.0000000000
1811.0000000000
1800.0000000000
1807.0000000000
1812.0000000000
1801.0000000000
1805.0000000000
1813.0000000000
1807.0000000000
1810.0000000000
1810.0000000000
1801.0000000000
1808.0000000000
1798.0000000000
1811.0000000000
1818.0000000000
1805.0000000000
1803.0000000000
1811.0000000000
1805.0000000000
1827.0000000000
1810.0000000000
1807.0000000000
1804.0000000000
1808.0000000000
1802.0000000000
1810.0000000000
1810.0000000000
1814.0000000000
1810.0000000000
1817.0000000000
1795.0000000000
1810.0000000000
1791.0000000000
1818.0000000000
1810.0000000000
1812.0000000000
1816.0000000000
1813.0000000000
1805.0000000000
1813.0000000000
1811.0000000000
1806.0000000000
1807.0000000000
1820.0000000000
1807.0000000000
1797.0000000000
1815.0000000000
1807.0000000000
1813.0000000000
1810.0000000000
1812.0000000000
1804.0000000000
1816.0000000000
1811.0000000000
1806.0000000000
1799.0000000000
1813.0000000000
1814.0000000000
1818.0000000000
1809.0000000000
1807.0000000000
1804.0000000000
1819.0000000000
1811.0000000000
1810.0000000000
1814.0000000000
1810.0000000000
1807.0000000000
1815.0000000000
1804.0000000000
1820.0000000000
1802.0000000000
1805.0000000000
1806.0000000000
1799.0000000000
1803.0000000000
1817.0000000000
1797.0000000000
1805.0000000000
1813.0000000000
1809.0000000000
1810.0000000000
1811.0000000000
1801.0000000000
1815.0000000000
1820.0000000000
1814.0000000000
1813.0000000000
1813.0000000000
1805.0000000000
1816.0000000000
1808.0000000000
1814.0000000000
1812.0000000000
1813.0000000000
1809.0000000000
1803.0000000000
1812.0000000000
1799.0000000000
1802.0000000000
1812.0000000000
1812.0000000000
1825.0000000000
1802.0000000000
1814.0000000000
1805.0000000000
1807.0000000000
1812.0000000000
1811.0000000000
1812.0000000000
1808.0000000000
1807.0000000000
1804.0000000000
1804.0000000000
1815.0000000000
1803.0000000000
1813.0000000000
1814.0000000000
1801.0000000000
1808.0000000000
1809.0000000000
1808.0000000000
1810.0000000000
1800.0000000000
1816.0000000000
1799.0000000000
1808.0000000000
1811.0000000000
1811.0000000000
1805.0000000000
1821.0000000000
1801.0000000000
1808.0000000000
1815.0000000000
1812.0000000000
1805.0000000000
1809.0000000000
1815.0000000000
1809.0000000000
1813.0000000000
1797.0000000000
1818.0000000000
1808.0000000000
1812.0000000000
1803.0000000000
1807.0000000000
1807.0000000000
1810.0000000000
1809.0000000000
1810.0000000000
1808.0000000000
1807.0000000000
1801.0000000000
1801.0000000000
1813.0000000000
1809.0000000000
1813.0000000000
1809.0000000000
1812.0000000000
1804.0000000000
1806.0000000000
1808.0000000000
1813.0000000000
1813.0000000000
1818.0000000000
1815.0000000000
1810.0000000000
1817.0000000000
1811.0000000000
1804.0000000000
1806.0000000000
1797.0000000000
1804.0000000000
1806.0000000000
1798.0000000000
1812.0000000000
1812.0000000000
1813.0000000000
1798.0000000000
1814.0000000000
1807.0000000000
1819.0000000000
1800.0000000000
1810.0000000000
1817.0000000000
1810.0000000000
1796.0000000000
1807.0000000000
1815.0000000000
1798.0000000000
1807.0000000000
1811.0000000000
1807.0000000000
1814.0000000000
1807.0000000000
1805.0000000000
1807.0000000000
1806.0000000000
1809.0000000000
1811.0000000000
1811.0000000000
1807.0000000000
1823.0000000000
1807.0000000000
1802.0000000000
1815.0000000000
1807.0000000000
1812.0000000000
1807.0000000000
1807.0000000000
1801.0000000000
1813.0000000000
1813.0000000000
1804.0000000000
1815.0000000000
1818.0000000000
1811.0000000000
1798.0000000000
1804.0000000000
1797.0000000000
1800.0000000000
1812.0000000000
1807.0000000000
1823.0000000000
1813.0000000000
1821.0000000000
1806.0000000000
1817.0000000000
1802.0000000000
1806.0000000000
1804.0000000000
1796.0000000000
1805.0000000000
1811.0000000000
1814.0000000000
1810.0000000000
1804.0000000000
1803.0000000000
1814.0000000000
1814.0000000000
1807.0000000000
1806.0000000000
1809.0000000000
1815.0000000000
1814.0000000000
1808.0000000000
1795.0000000000
1804.0000000000
1800.0000000000
1801.0000000000
1806.0000000000
1813.0000000000
1807.0000000000
1814.0000000000
1792.0000000000
1806.0000000000
1817.0000000000
1805.0000000000
1813.0000000000
1809.0000000000
1800.0000000000
1804.0000000000
1807.0000000000
1802.0000000000
1812.0000000000
1805.0000000000
1813.0000000000
1805.0000000000
1816.0000000000
1806.0000000000
1805.0000000000
1811.0000000000
1803.0000000000
1808.0000000000
1806.0000000000
1817.0000000000
1797.0000000000
1803.0000000000
1809.0000000000
1805.0000000000
1807.0000000000
1812.0000000000
1797.0000000000
1804.0000000000
1816.0000000000
1803.0000000000
1813.0000000000
1818.0000000000
1807.0000000000
1819.0000000000
1804.0000000000
1808.0000000000
1807.0000000000
1799.0000000000
1803.0000000000
1815.0000000000
1819.0000000000
1817.0000000000
1813.0000000000
1808.0000000000
1811.0000000000
1814.0000000000
1825.0000000000
1808.0000000000
1801.0000000000
1822.0000000000
1809.0000000000
1804.0000000000
1809.0000000000
1811.0000000000
1811.0000000000
1819.0000000000
1809.0000000000
1808.0000000000
1806.0000000000
1802.0000000000
1810.0000000000
1818.0000000000
1821.0000000000
1811.0000000000
1807.0000000000
1803.0000000000
1804.0000000000
1818.0000000000
1815.0000000000
1805.0000000000
1801.0000000000
1795.0000000000
1810.0000000000
1790.0000000000
1812.0000000000
1801.0000000000
1810.0000000000
1798.0000000000
1810.0000000000
1812.0000000000
1808.0000000000
1813.0000000000
1805.0000000000
1802.0000000000
1803.0000000000
1815.0000000000
1804.0000000000
1806.0000000000
1810.0000000000
1810.0000000000
1806.0000000000
1803.0000000000
1818.0000000000
1821.0000000000
1806.0000000000
1805.0000000000
1802.0000000000
1810.0000000000
1803.0000000000
1801.0000000000
1817.0000000000
1803.0000000000
1818.0000000000
1817.0000000000
1821.0000000000
1810.0000000000
1820.0000000000
1809.0000000000
1809.0000000000
1824.0000000000
1814.0000000000
1810.0000000000
1813.0000000000
1820.0000000000
1809.0000000000
1805.0000000000
1826.0000000000
1815.0000000000
1804.0000000000
1812.0000000000
1808.0000000000
1806.0000000000
1808.0000000000
1818.0000000000
1810.0000000000
1813.0000000000
1801.0000000000
1796.0000000000
1811.0000000000
1815.0000000000
1815.0000000000
1806.0000000000
1810.0000000000
1799.0000000000
1800.0000000000
1798.0000000000
1797.0000000000
1809.0000000000
1816.0000000000
1803.0000000000
1807.0000000000
1804.0000000000
1809.0000000000
1818.0000000000
1818.0000000000
1806.0000000000
1803.0000000000
1815.0000000000
1814.0000000000
1801.0000000000
1808.0000000000
1815.0000000000
1810.0000000000
1813.0000000000
1807.0000000000
1807.0000000000
1806.0000000000
1804.0000000000
1812.0000000000
1814.0000000000
1808.0000000000
1814.0000000000
1802.0000000000
1801.0000000000
1816.0000000000
1804.0000000000
1814.0000000000
1819.0000000000
1816.0000000000
1802.0000000000
1807.0000000000
1807.0000000000
1810.0000000000
1799.0000000000
1817.0000000000
1813.0000000000
1815.0000000000
1810.0000000000
1808.0000000000
1821.0000000000
1811.0000000000
1813.0000000000
1806.0000000000
1824.0000000000
1809.0000000000
1813.0000000000
1801.0000000000
1799.0000000000
1807.0000000000
1810.0000000000
1807.0000000000
1810.0000000000
1803.0000000000
1810.0000000000
1802.0000000000
1801.0000000000
1805.0000000000
1808.0000000000
1819.0000000000
1817.0000000000
1819.0000000000
1807.0000000000
1800.0000000000
1809.0000000000
1809.0000000000
1809.0000000000
1814.0000000000
1808.0000000000
1815.0000000000
1808.0000000000
1809.0000000000
1815.0000000000
1811.0000000000
1802.0000000000
1816.0000000000
1817.0000000000
1805.0000000000
1807.0000000000
1802.0000000000
1806.0000000000
1812.0000000000
1808.0000000000
1813.0000000000
1808.0000000000
1816.0000000000
1803.0000000000
1804.0000000000
1815.0000000000
1797.0000000000
1806.0000000000
1814.0000000000
1804.0000000000
1807.0000000000
1802.0000000000
1813.0000000000
1807.0000000000
1814.0000000000
1816.0000000000
1817.0000000000
1818.0000000000
1806.0000000000
1794.0000000000
1805.0000000000
1811.0000000000
1818.0000000000
1809.0000000000
1811.0000000000
1814.0000000000
1807.0000000000
1811.0000000000
1813.0000000000
1818.0000000000
1806.0000000000
1811.0000000000
1812.0000000000
1806.0000000000
1808.0000000000
1809.0000000000
1802.0000000000
1803.0000000000
1800.0000000000
1812.0000000000
1804.0000000000
1813.0000000000
1803.0000000000
1819.0000000000
1813.0000000000
1811.0000000000
1802.0000000000
1816.0000000000
1821.0000000000
1810.0000000000
1809.0000000000
1819.0000000000
1791.0000000000
1800.0000000000
1799.0000000000
1806.0000000000
1799.0000000000
1813.0000000000
1813.0000000000
1819.0000000000
1811.0000000000
1794.0000000000
1815.0000000000
1803.0000000000
1816.0000000000
1798.0000000000
1804.0000000000
1811.0000000000
1805.0000000000
1821.0000000000
1811.0000000000
1807.0000000000
1812.0000000000
1813.0000000000
1801.0000000000
1799.0000000000
1804.0000000000
1812.0000000000
1811.0000000000
1809.0000000000
1814.0000000000
1797.0000000000
1809.0000000000
1796.0000000000
1808.0000000000
1809.0000000000
1801.0000000000
1802.0000000000
1811.0000000000
1809.0000000000
1808.0000000000
1812.0000000000
1807.0000000000
1805.0000000000
1803.0000000000
1804.0000000000
1806.0000000000
1810.0000000000
1812.0000000000
1812.0000000000
1801.0000000000
1804.0000000000
1805.0000000000
1807.0000000000
1803.0000000000
1803.0000000000
1813.0000000000
1803.0000000000
1795.0000000000
1806.0000000000
1805.0000000000
1817.0000000000
1805.0000000000
1810.0000000000
1813.0000000000
1806.0000000000
1804.0000000000
1796.0000000000
1806.0000000000
1807.0000000000
1805.0000000000
1810.0000000000
1801.0000000000
1810.0000000000
1801.0000000000
1818.0000000000
1813.0000000000
1803.0000000000
1818.0000000000
1803.0000000000
1820.0000000000
1807.0000000000
1806.0000000000
1803.0000000000
1806.0000000000
1820.0000000000
1800.0000000000
1808.0000000000
1807.0000000000
1803.0000000000
1810.0000000000
1802.0000000000
1813.0000000000
1804.0000000000
1814.0000000000
1810.0000000000
1803.0000000000
1808.0000000000
1801.0000000000
1799.0000000000
1814.0000000000
1815.0000000000
1800.0000000000
1812.0000000000
1810.0000000000
1800.0000000000
1812.0000000000
1807.0000000000
1808.0000000000
1814.0000000000
1801.0000000000
1809.0000000000
1813.0000000000
1805.0000000000
1809.0000000000
1802.0000000000
1811.0000000000
1798.0000000000
1797.0000000000
1807.0000000000
1801.0000000000
1808.0000000000
1800.0000000000
1808.0000000000
1809.0000000000
1810.0000000000
1802.0000000000
1814.0000000000
1803.0000000000
1802.0000000000
1811.0000000000
1802.0000000000
1813.0000000000
1805.0000000000
1814.0000000000
1807.0000000000
1806.0000000000
1812.0000000000
1808.0000000000
1806.0000000000
1826.0000000000
1802.0000000000
1801.0000000000
1807.0000000000
1807.0000000000
1813.0000000000
1809.0000000000
1799.0000000000
1810.0000000000
1810.0000000000
1815.0000000000
1813.0000000000
1811.0000000000
1805.0000000000
1809.0000000000
1804.0000000000
1803.0000000000
1810.0000000000
1804.0000000000
1804.0000000000
1808.0000000000
1813.0000000000
1804.0000000000
1800.0000000000
1804.0000000000
1809.0000000000
1800.0000000000
1823.0000000000
1805.0000000000
1811.0000000000
1809.0000000000
1814.0000000000
1813.0000000000
1814.0000000000
1805.0000000000
1804.0000000000
1814.0000000000
1808.0000000000
1811.0000000000
1805.0000000000
1807.0000000000
1812.0000000000
1809.0000000000
1818.0000000000
1801.0000000000
1810.0000000000
1806.0000000000
1817.0000000000
1808.0000000000
1804.0000000000
1804.0000000000
1816.0000000000
1811.0000000000
1807.0000000000
1803.0000000000
1811.0000000000
1810.0000000000
1814.0000000000
1795.0000000000
1811.0000000000
1807.0000000000
1805.0000000000
1798.0000000000
1806.0000000000
1817.0000000000
1806.0000000000
1817.0000000000
1804.0000000000
1809.0000000000
1819.0000000000
1805.0000000000
1803.0000000000
1806.0000000000
1818.0000000000
1804.0000000000
1800.0000000000
1807.0000000000
1800.0000000000
1798.0000000000
1820.0000000000
1811.0000000000
1798.0000000000
1794.0000000000
1799.0000000000
1814.0000000000
1807.0000000000
1817.0000000000
1812.0000000000
1815.0000000000
1800.0000000000
1820.0000000000
1818.0000000000
1809.0000000000
1814.0000000000
1802.0000000000
1800.0000000000
1808.0000000000
1805.0000000000
1815.0000000000
1806.0000000000
1813.0000000000
1805.0000000000
1817.0000000000
1797.0000000000
1802.0000000000
1794.0000000000
1801.0000000000
1816.0000000000
1814.0000000000
1818.0000000000
1804.0000000000
1806.0000000000
1806.0000000000
1807.0000000000
1818.0000000000
1809.0000000000
1802.0000000000
1803.0000000000
1815.0000000000
1806.0000000000
1806.0000000000
1811.0000000000
1813.0000000000
1814.0000000000
1802.0000000000
1803.0000000000
1810.0000000000
1812.0000000000
1805.0000000000
1813.0000000000
1801.0000000000
1810.0000000000
1805.0000000000
1807.0000000000
1802.0000000000
1803.0000000000
1806.0000000000
1811.0000000000
1802.0000000000
1816.0000000000
1813.0000000000
1809.0000000000
1803.0000000000
1813.0000000000
1806.0000000000
1799.0000000000
1818.0000000000
1805.0000000000
1811.0000000000
1808.0000000000
1807.0000000000
1800.0000000000
1823.0000000000
1811.0000000000
1809.0000000000
1810.0000000000
1814.0000000000
1804.0000000000
1817.0000000000
1806.0000000000
1810.0000000000
1816.0000000000
1811.0000000000
1808.0000000000
1804.0000000000
1809.0000000000
1816.0000000000
1806.0000000000
1818.0000000000
1807.0000000000
1802.0000000000
1801.0000000000
1802.0000000000
1802.0000000000
1804.0000000000
1801.0000000000
1809.0000000000
1800.0000000000
1811.0000000000
1808.0000000000
1811.0000000000
1802.0000000000
1815.0000000000
1814.0000000000
1816.0000000000
1802.0000000000
1808.0000000000
1823.0000000000
1802.0000000000
1812.0000000000
1810.0000000000
1813.0000000000
1808.0000000000
1814.0000000000
1799.0000000000
1813.0000000000
1803.0000000000
1807.0000000000
1814.0000000000
1801.0000000000
1810.0000000000
1806.0000000000
1811.0000000000
1803.0000000000
1805.0000000000
1811.0000000000
1810.0000000000
1791.0000000000
1801.0000000000
1804.0000000000
1818.0000000000
1812.0000000000
1814.0000000000
1806.0000000000
1807.0000000000
1814.0000000000
1813.0000000000
1803.0000000000
1814.0000000000
1811.0000000000
1793.0000000000
1819.0000000000
1793.0000000000
1812.0000000000
1807.0000000000
1816.0000000000
1806.0000000000
1814.0000000000
1803.0000000000
1820.0000000000
1818.0000000000
1804.0000000000
1818.0000000000
1804.0000000000
1817.0000000000
1817.0000000000
1820.0000000000
1805.0000000000
1800.0000000000
1808.0000000000
1801.0000000000
1803.0000000000
1805.0000000000
1797.0000000000
1806.0000000000
1808.0000000000
1816.0000000000
1802.0000000000
1802.0000000000
1809.0000000000
1806.0000000000
1803.0000000000
1803.0000000000
1800.0000000000
1809.0000000000
1804.0000000000
1814.0000000000
1817.0000000000
1814.0000000000
1810.0000000000
1801.0000000000
1799.0000000000
1803.0000000000
1815.0000000000
1807.0000000000
1802.0000000000
1819.0000000000
1805.0000000000
1802.0000000000
1806.0000000000
1795.0000000000
1810.0000000000
1810.0000000000
1809.0000000000
1803.0000000000
1819.0000000000
1805.0000000000
1797.0000000000
1803.0000000000
1819.0000000000
1875.0000000000
1817.0000000000
1855.0000000000
1861.0000000000
1813.0000000000
1908.0000000000
1841.0000000000
1833.0000000000
1914.0000000000
1842.0000000000
1851.0000000000
1882.0000000000
1876.0000000000
1846.0000000000
1957.0000000000
1816.0000000000
1887.0000000000
1999.0000000000
1815.0000000000
1997.0000000000
1843.0000000000
1901.0000000000
1978.0000000000
1814.0000000000
2028.0000000000
1876.0000000000
1933.0000000000
1890.0000000000
1923.0000000000
1931.0000000000
1897.0000000000
2055.0000000000
1791.0000000000
2043.0000000000
1892.0000000000
1847.0000000000
2014.0000000000
1859.0000000000
1880.0000000000
1935.0000000000
1867.0000000000
1892.0000000000
1914.0000000000
1875.0000000000
1862.0000000000
1944.0000000000
1849.0000000000
1882.0000000000
1902.0000000000
1822.0000000000
1903.0000000000
1870.0000000000
1831.0000000000
1913.0000000000
1851.0000000000
1847.0000000000
1884.0000000000
1840.0000000000
1862.0000000000
1868.0000000000
1849.0000000000
1852.0000000000
1826.0000000000
1869.0000000000
1838.0000000000
1812.0000000000
1897.0000000000
1847.0000000000
1845.0000000000
1894.0000000000
1825.0000000000
1849.0000000000
1878.0000000000
1842.0000000000
1874.0000000000
1912.0000000000
1835.0000000000
1900.0000000000
1885.0000000000
1827.0000000000
1980.0000000000
1811.0000000000
1913.0000000000
1933.0000000000
1816.0000000000
1967.0000000000
1896.0000000000
1881.0000000000
1848.0000000000
1954.0000000000
1839.0000000000
1885.0000000000
1982.0000000000
1824.0000000000
1986.0000000000
1888.0000000000
1826.0000000000
1945.0000000000
1866.0000000000
1900.0000000000
1885.0000000000
1876.0000000000
1952.0000000000
1875.0000000000
1847.0000000000
1885.0000000000
1905.0000000000
1853.0000000000
1900.0000000000
1888.0000000000
1858.0000000000
1932.0000000000
1853.0000000000
1847.0000000000
1909.0000000000
1837.0000000000
1886.0000000000
1888.0000000000
1829.0000000000
1871.0000000000
1858.0000000000
1832.0000000000
1836.0000000000
1835.0000000000
1867.0000000000
1814.0000000000
1852.0000000000
1871.0000000000
1828.0000000000
1883.0000000000
1864.0000000000
1812.0000000000
1907.0000000000
1816.0000000000
1833.0000000000
1891.0000000000
1830.0000000000
1883.0000000000
1875.0000000000
1844.0000000000
1878.0000000000
1917.0000000000
1813.0000000000
1919.0000000000
1911.0000000000
1807.0000000000
2022.0000000000
1837.0000000000
1905.0000000000
1945.0000000000
1860.0000000000
1940.0000000000
1885.0000000000
1969.0000000000
1829.0000000000
1982.0000000000
1838.0000000000
1874.0000000000
2008.0000000000
1797.0000000000
2000.0000000000
1907.0000000000
1880.0000000000
2012.0000000000
1854.0000000000
1894.0000000000
1928.0000000000
1877.0000000000
1909.0000000000
1910.0000000000
1896.0000000000
1842.0000000000
1955.0000000000
1851.0000000000
1836.0000000000
1924.0000000000
1841.0000000000
1865.0000000000
1908.0000000000
1832.0000000000
1874.0000000000
1884.0000000000
1837.0000000000
1881.0000000000
1857.0000000000
1860.0000000000
1837.0000000000
1856.0000000000
1864.0000000000
1827.0000000000
1868.0000000000
1855.0000000000
1821.0000000000
1892.0000000000
1846.0000000000
1844.0000000000
1885.0000000000
1838.0000000000
1856.0000000000
1885.0000000000
1829.0000000000
1854.0000000000
1925.0000000000
1832.0000000000
1904.0000000000
1902.0000000000
1857.0000000000
2001.0000000000
1804.0000000000
1939.0000000000
1854.0000000000
1845.0000000000
1878.0000000000
1880.0000000000
1895.0000000000
1864.0000000000
1958.0000000000
1823.0000000000
1918.0000000000
1981.0000000000
1811.0000000000
1971.0000000000
1866.0000000000
1866.0000000000
1985.0000000000
1888.0000000000
1844.0000000000
1962.0000000000
1879.0000000000
1882.0000000000
1907.0000000000
1865.0000000000
1881.0000000000
1937.0000000000
1829.0000000000
1890.0000000000
1898.0000000000
1830.0000000000
1912.0000000000
1866.0000000000
1832.0000000000
1902.0000000000
1853.0000000000
1855.0000000000
1878.0000000000
1841.0000000000
1876.0000000000
1844.0000000000
1872.0000000000
1831.0000000000
1851.0000000000
1861.0000000000
1835.0000000000
1857.0000000000
1879.0000000000
1829.0000000000
1877.0000000000
1862.0000000000
1816.0000000000
1912.0000000000
1836.0000000000
1861.0000000000
1912.0000000000
1874.0000000000
1843.0000000000
1932.0000000000
1869.0000000000
1854.0000000000
1996.0000000000
1798.0000000000
1938.0000000000
1938.0000000000
1811.0000000000
2030.0000000000
1816.0000000000
1953.0000000000
1933.0000000000
1880.0000000000
1978.0000000000
1875.0000000000
1907.0000000000
1827.0000000000
1954.0000000000
1822.0000000000
1949.0000000000
2014.0000000000
1777.0000000000
2015.0000000000
1843.0000000000
1871.0000000000
1955.0000000000
1864.0000000000
1872.0000000000
1915.0000000000
1888.0000000000
1863.0000000000
1919.0000000000
1896.0000000000
1837.0000000000
1928.0000000000
1841.0000000000
1879.0000000000
1892.0000000000
1828.0000000000
1888.0000000000
1862.0000000000
1836.0000000000
1893.0000000000
1851.0000000000
1844.0000000000
1872.0000000000
1858.0000000000
1853.0000000000
1824.0000000000
1859.0000000000
1855.0000000000
1869.0000000000
1872.0000000000
1837.0000000000
1822.0000000000
1895.0000000000
1831.0000000000
1852.0000000000
1885.0000000000
1841.0000000000
1838.0000000000
1886.0000000000
1836.0000000000
1844.0000000000
1937.0000000000
1807.0000000000
1942.0000000000
1883.0000000000
1833.0000000000
1997.0000000000
1835.0000000000
1979.0000000000
1908.0000000000
1858.0000000000
1913.0000000000
1883.0000000000
1886.0000000000
1885.0000000000
1953.0000000000
1820.0000000000
1954.0000000000
1954.0000000000
1830.0000000000
1974.0000000000
1939.0000000000
1886.0000000000
1917.0000000000
1869.0000000000
1891.0000000000
1920.0000000000
1891.0000000000
1848.0000000000
1908.0000000000
1861.0000000000
1856.0000000000
1936.0000000000
1824.0000000000
1893.0000000000
1885.0000000000
1823.0000000000
1893.0000000000
1853.0000000000
1886.0000000000
1886.0000000000
1852.0000000000
1869.0000000000
1872.0000000000
1839.0000000000
1832.0000000000
1832.0000000000
1865.0000000000
1823.0000000000
1852.0000000000
1885.0000000000
1817.0000000000
1866.0000000000
1881.0000000000
1816.0000000000
1889.0000000000
1864.0000000000
1839.0000000000
1929.0000000000
1842.0000000000
1875.0000000000
1877.0000000000
1857.0000000000
1843.0000000000
1916.0000000000
1830.0000000000
1899.0000000000
1960.0000000000
1798.0000000000
1985.0000000000
1918.0000000000
1839.0000000000
1988.0000000000
1848.0000000000
1928.0000000000
1877.0000000000
1927.0000000000
1878.0000000000
1913.0000000000
1973.0000000000
1827.0000000000
2047.0000000000
1809.0000000000
1946.0000000000
2003.0000000000
1807.0000000000
2003.0000000000
1881.0000000000
1862.0000000000
1952.0000000000
1887.0000000000
1851.0000000000
1881.0000000000
1934.0000000000
1843.0000000000
1909.0000000000
1894.0000000000
1832.0000000000
1939.0000000000
1864.0000000000
1865.0000000000
1906.0000000000
1839.0000000000
1875.0000000000
1893.0000000000
1835.0000000000
1886.0000000000
1863.0000000000
1871.0000000000
1839.0000000000
1843.0000000000
1854.0000000000
1825.0000000000
1856.0000000000
1857.0000000000
1827.0000000000
1895.0000000000
1851.0000000000
1827.0000000000
1903.0000000000
1829.0000000000
1855.0000000000
1884.0000000000
1848.0000000000
1899.0000000000
1876.0000000000
1833.0000000000
1908.0000000000
1903.0000000000
1826.0000000000
1980.0000000000
1838.0000000000
1891.0000000000
1937.0000000000
1861.0000000000
1847.0000000000
1915.0000000000
1884.0000000000
1868.0000000000
1928.0000000000
1875.0000000000
1852.0000000000
1981.0000000000
1816.0000000000
1940.0000000000
1951.0000000000
1824.0000000000
2023.0000000000
1852.0000000000
1888.0000000000
1933.0000000000
1876.0000000000
1886.0000000000
1897.0000000000
1898.0000000000
1865.0000000000
1916.0000000000
1857.0000000000
1870.0000000000
1923.0000000000
1844.0000000000
1919.0000000000
1862.0000000000
1852.0000000000
1891.0000000000
1843.0000000000
1866.0000000000
1878.0000000000
1833.0000000000
1858.0000000000
1861.0000000000
1866.0000000000
1834.0000000000
1837.0000000000
1897.0000000000
1841.0000000000
1847.0000000000
1876.0000000000
1821.0000000000
1865.0000000000
1895.0000000000
1828.0000000000
1935.0000000000
1864.0000000000
1827.0000000000
1916.0000000000
1845.0000000000
1860.0000000000
1899.0000000000
1852.0000000000
1825.0000000000
1922.0000000000
1833.0000000000
1860.0000000000
1964.0000000000
1797.0000000000
2005.0000000000
1858.0000000000
1874.0000000000
1952.0000000000
1809.0000000000
1880.0000000000
1895.0000000000
1961.0000000000
1837.0000000000
1942.0000000000
1927.0000000000
1823.0000000000
2024.0000000000
1802.0000000000
1949.0000000000
1933.0000000000
1820.0000000000
2042.0000000000
1853.0000000000
1865.0000000000
1914.0000000000
1866.0000000000
1870.0000000000
1909.0000000000
1881.0000000000
1865.0000000000
1925.0000000000
1857.0000000000
1857.0000000000
1911.0000000000
1843.0000000000
1877.0000000000
1873.0000000000
1840.0000000000
1886.0000000000
1857.0000000000
1841.0000000000
1889.0000000000
1838.0000000000
1856.0000000000
1827.0000000000
1850.0000000000
1862.0000000000
1826.0000000000
1872.0000000000
1844.0000000000
1831.0000000000
1888.0000000000
1850.0000000000
1830.0000000000
1886.0000000000
1851.0000000000
1865.0000000000
1888.0000000000
1871.0000000000
1840.0000000000
1945.0000000000
1832.0000000000
1887.0000000000
1941.0000000000
1793.0000000000
1974.0000000000
1875.0000000000
1849.0000000000
1961.0000000000
1867.0000000000
1963.0000000000
1899.0000000000
1892.0000000000
1900.0000000000
1936.0000000000
1843.0000000000
1887.0000000000
1885.0000000000
1817.0000000000
1903.0000000000
1868.0000000000
1838.0000000000
1979.0000000000
1843.0000000000
1866.0000000000
1938.0000000000
1869.0000000000
1892.0000000000
1899.0000000000
1912.0000000000
1860.0000000000
1912.0000000000
1841.0000000000
1869.0000000000
1913.0000000000
1831.0000000000
1884.0000000000
1872.0000000000
1833.0000000000
1888.0000000000
1850.0000000000
1846.0000000000
1869.0000000000
1858.0000000000
1848.0000000000
1829.0000000000
1858.0000000000
1856.0000000000
1815.0000000000
1882.0000000000
1826.0000000000
1877.0000000000
1885.0000000000
1817.0000000000
1878.0000000000
1894.0000000000
1820.0000000000
1898.0000000000
1854.0000000000
1821.0000000000
1902.0000000000
1871.0000000000
1853.0000000000
1900.0000000000
1914.0000000000
1878.0000000000
2003.0000000000
1805.0000000000
1883.0000000000
1931.0000000000
1837.0000000000
2046.0000000000
1842.0000000000
1894.0000000000
1937.0000000000
1833.0000000000
2002.0000000000
1885.0000000000
1895.0000000000
1849.0000000000
1913.0000000000
1875.0000000000
1833.0000000000
2050.0000000000
1805.0000000000
1980.0000000000
1901.0000000000
1823.0000000000
1993.0000000000
1864.0000000000
1861.0000000000
1928.0000000000
1864.0000000000
1879.0000000000
1908.0000000000
1888.0000000000
1851.0000000000
1904.0000000000
1875.0000000000
1837.0000000000
1920.0000000000
1845.0000000000
1840.0000000000
1895.0000000000
1823.0000000000
1865.0000000000
1871.0000000000
1837.0000000000
1829.0000000000
1834.0000000000
1858.0000000000
1827.0000000000
1849.0000000000
1880.0000000000
1823.0000000000
1870.0000000000
1861.0000000000
1821.0000000000
1890.0000000000
1851.0000000000
1851.0000000000
1879.0000000000
1881.0000000000
1896.0000000000
1874.0000000000
1882.0000000000
1853.0000000000
1910.0000000000
1828.0000000000
1903.0000000000
1907.0000000000
1817.0000000000
2014.0000000000
1844.0000000000
1889.0000000000
1936.0000000000
1871.0000000000
1883.0000000000
1915.0000000000
1905.0000000000
1848.0000000000
1975.0000000000
1850.0000000000
1885.0000000000
1956.0000000000
1820.0000000000
1976.0000000000
1887.0000000000
1849.0000000000
1971.0000000000
1829.0000000000
1880.0000000000
1914.0000000000
1891.0000000000
1928.0000000000
1868.0000000000
1871.0000000000
1896.0000000000
1910.0000000000
1842.0000000000
1879.0000000000
1871.0000000000
1821.0000000000
1891.0000000000
1846.0000000000
1846.0000000000
1889.0000000000
1844.0000000000
1836.0000000000
1887.0000000000
1859.0000000000
1856.0000000000
1839.0000000000
1881.0000000000
1841.0000000000
1832.0000000000
1878.0000000000
1821.0000000000
1841.0000000000
1902.0000000000
1822.0000000000
1895.0000000000
1898.0000000000
1831.0000000000
1910.0000000000
1845.0000000000
1830.0000000000
1908.0000000000
1900.0000000000
1895.0000000000
1890.0000000000
1885.0000000000
1858.0000000000
1944.0000000000
1810.0000000000
1937.0000000000
1908.0000000000
1805.0000000000
2012.0000000000
1885.0000000000
1908.0000000000
1880.0000000000
1882.0000000000
1904.0000000000
1895.0000000000
1958.0000000000
1806.0000000000
1977.0000000000
1858.0000000000
1858.0000000000
2031.0000000000
1809.0000000000
1938.0000000000
1901.0000000000
1819.0000000000
1966.0000000000
1876.0000000000
1879.0000000000
1907.0000000000
1880.0000000000
1854.0000000000
1922.0000000000
1854.0000000000
1861.0000000000
1915.0000000000
1882.0000000000
1846.0000000000
1920.0000000000
1839.0000000000
1845.0000000000
1894.0000000000
1850.0000000000
1861.0000000000
1824.0000000000
1871.0000000000
1838.0000000000
1848.0000000000
1870.0000000000
1834.0000000000
1851.0000000000
1872.0000000000
1811.0000000000
1878.0000000000
1879.0000000000
1822.0000000000
1914.0000000000
1844.0000000000
1836.0000000000
1904.0000000000
1850.0000000000
1843.0000000000
1912.0000000000
1866.0000000000
1844.0000000000
1977.0000000000
1831.0000000000
1939.0000000000
1863.0000000000
1855.0000000000
1970.0000000000
1844.0000000000
1863.0000000000
1924.0000000000
1846.0000000000
1884.0000000000
1923.0000000000
1924.0000000000
1839.0000000000
1981.0000000000
1839.0000000000
1905.0000000000
1967.0000000000
1799.0000000000
1980.0000000000
1907.0000000000
1834.0000000000
1970.0000000000
1864.0000000000
1878.0000000000
1922.0000000000
1878.0000000000
1865.0000000000
1887.0000000000
1879.0000000000
1852.0000000000
1911.0000000000
1843.0000000000
1873.0000000000
1895.0000000000
1835.0000000000
1880.0000000000
1868.0000000000
1829.0000000000
1878.0000000000
1857.0000000000
1840.0000000000
1869.0000000000
1875.0000000000
1835.0000000000
1831.0000000000
1879.0000000000
1847.0000000000
1843.0000000000
1881.0000000000
1822.0000000000
1846.0000000000
1908.0000000000
1811.0000000000
1889.0000000000
1900.0000000000
1824.0000000000
1912.0000000000
1864.0000000000
1849.0000000000
1908.0000000000
1917.0000000000
1853.0000000000
1940.0000000000
1883.0000000000
1819.0000000000
2032.0000000000
1826.0000000000
1956.0000000000
1899.0000000000
1828.0000000000
2069.0000000000
1803.0000000000
1944.0000000000
1916.0000000000
1915.0000000000
1970.0000000000
1924.0000000000
1903.0000000000
1823.0000000000
2012.0000000000
1839.0000000000
1873.0000000000
2017.0000000000
1807.0000000000
1983.0000000000
1910.0000000000
1843.0000000000
1977.0000000000
1881.0000000000
1862.0000000000
1906.0000000000
1876.0000000000
1862.0000000000
1896.0000000000
1853.0000000000
1848.0000000000
1904.0000000000
1845.0000000000
1861.0000000000
1889.0000000000
1834.0000000000
1884.0000000000
1862.0000000000
1831.0000000000
1837.0000000000
1846.0000000000
1871.0000000000
1819.0000000000
1824.0000000000
1888.0000000000
1826.0000000000
1863.0000000000
1878.0000000000
1808.0000000000
1894.0000000000
1865.0000000000
1828.0000000000
1922.0000000000
1840.0000000000
1855.0000000000
1866.0000000000
1904.0000000000
1869.0000000000
1936.0000000000
1853.0000000000
1911.0000000000
1932.0000000000
1810.0000000000
1958.0000000000
1862.0000000000
1847.0000000000
1959.0000000000
1826.0000000000
1951.0000000000
1901.0000000000
1881.0000000000
1865.0000000000
1951.0000000000
1880.0000000000
1844.0000000000
1961.0000000000
1826.0000000000
1883.0000000000
1945.0000000000
1826.0000000000
1982.0000000000
1880.0000000000
1853.0000000000
1937.0000000000
1868.0000000000
1865.0000000000
1880.0000000000
1898.0000000000
1852.0000000000
1904.0000000000
1858.0000000000
1917.0000000000
1883.0000000000
1832.0000000000
1902.0000000000
1864.0000000000
1823.0000000000
1882.0000000000
1860.0000000000
1850.0000000000
1880.0000000000
1843.0000000000
1845.0000000000
1823.0000000000
1869.0000000000
1852.0000000000
1827.0000000000
1878.0000000000
1838.0000000000
1841.0000000000
1907.0000000000
1823.0000000000
1863.0000000000
1912.0000000000
1816.0000000000
1935.0000000000
1894.0000000000
1829.0000000000
1934.0000000000
1878.0000000000
1889.0000000000
1903.0000000000
1885.0000000000
1864.0000000000
1939.0000000000
1846.0000000000
1887.0000000000
1963.0000000000
1792.0000000000
1984.0000000000
1897.0000000000
1847.0000000000
1996.0000000000
1855.0000000000
1945.0000000000
1879.0000000000
1940.0000000000
1881.0000000000
1940.0000000000
1943.0000000000
1811.0000000000
2015.0000000000
1806.0000000000
1917.0000000000
2021.0000000000
1812.0000000000
1967.0000000000
1884.0000000000
1849.0000000000
1933.0000000000
1871.0000000000
1879.0000000000
1872.0000000000
1895.0000000000
1835.0000000000
1905.0000000000
1870.0000000000
1845.0000000000
1904.0000000000
1847.0000000000
1854.0000000000
1909.0000000000
1846.0000000000
1852.0000000000
1879.0000000000
1864.0000000000
1840.0000000000
1836.0000000000
1881.0000000000
1847.0000000000
1843.0000000000
1884.0000000000
1827.0000000000
1867.0000000000
1883.0000000000
1795.0000000000
1921.0000000000
1855.0000000000
1836.0000000000
1910.0000000000
1851.0000000000
1868.0000000000
1903.0000000000
1853.0000000000
1818.0000000000
1928.0000000000
1842.0000000000
1896.0000000000
1925.0000000000
1842.0000000000
1961.0000000000
1830.0000000000
1857.0000000000
1963.0000000000
1845.0000000000
1901.0000000000
1920.0000000000
1914.0000000000
1854.0000000000
1935.0000000000
1886.0000000000
1857.0000000000
1972.0000000000
1831.0000000000
1914.0000000000
1945.0000000000
1838.0000000000
1966.0000000000
1861.0000000000
1862.0000000000
1940.0000000000
1880.0000000000
1863.0000000000
1906.0000000000
1880.0000000000
1862.0000000000
1910.0000000000
1855.0000000000
1858.0000000000
1906.0000000000
1831.0000000000
1857.0000000000
1849.0000000000
1842.0000000000
1884.0000000000
1845.0000000000
1845.0000000000
1829.0000000000
1863.0000000000
1849.0000000000
1820.0000000000
1876.0000000000
1849.0000000000
1827.0000000000
1895.0000000000
1833.0000000000
1828.0000000000
1910.0000000000
1807.0000000000
1862.0000000000
1905.0000000000
1834.0000000000
1907.0000000000
1878.0000000000
1840.0000000000
1916.0000000000
1889.0000000000
1851.0000000000
1888.0000000000
1932.0000000000
1829.0000000000
1984.0000000000
1868.0000000000
1942.0000000000
1966.0000000000
1797.0000000000
2049.0000000000
1859.0000000000
1864.0000000000
1962.0000000000
1828.0000000000
1930.0000000000
1871.0000000000
1957.0000000000
1837.0000000000
1940.0000000000
1939.0000000000
1820.0000000000
2079.0000000000
1811.0000000000
1909.0000000000
1963.0000000000
1835.0000000000
1939.0000000000
1905.0000000000
1846.0000000000
1918.0000000000
1859.0000000000
1850.0000000000
1897.0000000000
1872.0000000000
1854.0000000000
1915.0000000000
1852.0000000000
1857.0000000000
1887.0000000000
1844.0000000000
1858.0000000000
1882.0000000000
1837.0000000000
1835.0000000000
1836.0000000000
1855.0000000000
1851.0000000000
1839.0000000000
1877.0000000000
1835.0000000000
1838.0000000000
1889.0000000000
1820.0000000000
1854.0000000000
1883.0000000000
1816.0000000000
1902.0000000000
1845.0000000000
1849.0000000000
1895.0000000000
1871.0000000000
1860.0000000000
1897.0000000000
1880.0000000000
1827.0000000000
1962.0000000000
1816.0000000000
1919.0000000000
1945.0000000000
1821.0000000000
2000.0000000000
1836.0000000000
1883.0000000000
1960.0000000000
1870.0000000000
1895.0000000000
1900.0000000000
1878.0000000000
1835.0000000000
1956.0000000000
1851.0000000000
1866.0000000000
1966.0000000000
1858.0000000000
1929.0000000000
1937.0000000000
1833.0000000000
1965.0000000000
1860.0000000000
1850.0000000000
1897.0000000000
1874.0000000000
1874.0000000000
1900.0000000000
1875.0000000000
1836.0000000000
1902.0000000000
1844.0000000000
1854.0000000000
1893.0000000000
1830.0000000000
1872.0000000000
1848.0000000000
1838.0000000000
1877.0000000000
1837.0000000000
1864.0000000000
1815.0000000000
1884.0000000000
1840.0000000000
1830.0000000000
1877.0000000000
1847.0000000000
1842.0000000000
1897.0000000000
1853.0000000000
1857.0000000000
1909.0000000000
1821.0000000000
1869.0000000000
1908.0000000000
1829.0000000000
1923.0000000000
1867.0000000000
1869.0000000000
1889.0000000000
1842.0000000000
1850.0000000000
1911.0000000000
1896.0000000000
1866.0000000000
1975.0000000000
1821.0000000000
1935.0000000000
2008.0000000000
1793.0000000000
2020.0000000000
1900.0000000000
1896.0000000000
1931.0000000000
1888.0000000000
1907.0000000000
1896.0000000000
1960.0000000000
1813.0000000000
1944.0000000000
1916.0000000000
1834.0000000000
2061.0000000000
1804.0000000000
1904.0000000000
1941.0000000000
1812.0000000000
1934.0000000000
1904.0000000000
1856.0000000000
1916.0000000000
1858.0000000000
1853.0000000000
1897.0000000000
1898.0000000000
1824.0000000000
1879.0000000000
1860.0000000000
1841.0000000000
1898.0000000000
1853.0000000000
1842.0000000000
1877.0000000000
1851.0000000000
1863.0000000000
1824.0000000000
1873.0000000000
1845.0000000000
1831.0000000000
1895.0000000000
1833.0000000000
1852.0000000000
1910.0000000000
1817.0000000000
1878.0000000000
1874.0000000000
1821.0000000000
1921.0000000000
1852.0000000000
1900.0000000000
1852.0000000000
1845.0000000000
1855.0000000000
1874.0000000000
1873.0000000000
1859.0000000000
1941.0000000000
1829.0000000000
1935.0000000000
1900.0000000000
1813.0000000000
1989.0000000000
1862.0000000000
1860.0000000000
1909.0000000000
1908.0000000000
1842.0000000000
1959.0000000000
1925.0000000000
1836.0000000000
1949.0000000000
1870.0000000000
1869.0000000000
1991.0000000000
1817.0000000000
1925.0000000000
1930.0000000000
1830.0000000000
1935.0000000000
1876.0000000000
1865.0000000000
1895.0000000000
1884.0000000000
1841.0000000000
1898.0000000000
1878.0000000000
1876.0000000000
1873.0000000000
1842.0000000000
1888.0000000000
1878.0000000000
1837.0000000000
1884.0000000000
1849.0000000000
1824.0000000000
1854.0000000000
1861.0000000000
1862.0000000000
1825.0000000000
1878.0000000000
1856.0000000000
1826.0000000000
1885.0000000000
1873.0000000000
1838.0000000000
1901.0000000000
1849.0000000000
1842.0000000000
1917.0000000000
1815.0000000000
1871.0000000000
1920.0000000000
1823.0000000000
1927.0000000000
1837.0000000000
1860.0000000000
1875.0000000000
1898.0000000000
1873.0000000000
1921.0000000000
1879.0000000000
1852.0000000000
2033.0000000000
1824.0000000000
1950.0000000000
1990.0000000000
1804.0000000000
1963.0000000000
1888.0000000000
1907.0000000000
1903.0000000000
1913.0000000000
1855.0000000000
1894.0000000000
1981.0000000000
1812.0000000000
1986.0000000000
1883.0000000000
1844.0000000000
2034.0000000000
1819.0000000000
1916.0000000000
1921.0000000000
1842.0000000000
1927.0000000000
1875.0000000000
1869.0000000000
1871.0000000000
1877.0000000000
1827.0000000000
1916.0000000000
1852.0000000000
1851.0000000000
1894.0000000000
1890.0000000000
1847.0000000000
1888.0000000000
1849.0000000000
1840.0000000000
1826.0000000000
1863.0000000000
1846.0000000000
1851.0000000000
1877.0000000000
1838.0000000000
1846.0000000000
1874.0000000000
1845.0000000000
1846.0000000000
1887.0000000000
1819.0000000000
1897.0000000000
1867.0000000000
1826.0000000000
1899.0000000000
1860.0000000000
1849.0000000000
1877.0000000000
1895.0000000000
1830.0000000000
1928.0000000000
1855.0000000000
1834.0000000000
1969.0000000000
1813.0000000000
1957.0000000000
1917.0000000000
1838.0000000000
1999.0000000000
1841.0000000000
1876.0000000000
1917.0000000000
1867.0000000000
1850.0000000000
1948.0000000000
1910.0000000000
1828.0000000000
1963.0000000000
1835.0000000000
1882.0000000000
1997.0000000000
1823.0000000000
1944.0000000000
1893.0000000000
1837.0000000000
1924.0000000000
1866.0000000000
1866.0000000000
1886.0000000000
1889.0000000000
1841.0000000000
1894.0000000000
1844.0000000000
1837.0000000000
1895.0000000000
1847.0000000000
1851.0000000000
1885.0000000000
1832.0000000000
1852.0000000000
1844.0000000000
1860.0000000000
1822.0000000000
1863.0000000000
1846.0000000000
1827.0000000000
1874.0000000000
1841.0000000000
1814.0000000000
1907.0000000000
1852.0000000000
1825.0000000000
1907.0000000000
1853.0000000000
1839.0000000000
1941.0000000000
1803.0000000000
1891.0000000000
1896.0000000000
1847.0000000000
1914.0000000000
1893.0000000000
1876.0000000000
1894.0000000000
1927.0000000000
1865.0000000000
1925.0000000000
1890.0000000000
1858.0000000000
2044.0000000000
1798.0000000000
1991.0000000000
1925.0000000000
1828.0000000000
1975.0000000000
1869.0000000000
1914.0000000000
1893.0000000000
1952.0000000000
1865.0000000000
1883.0000000000
2003.0000000000
1807.0000000000
1991.0000000000
1868.0000000000
1846.0000000000
1989.0000000000
1831.0000000000
1895.0000000000
1903.0000000000
1844.0000000000
1924.0000000000
1883.0000000000
1841.0000000000
1892.0000000000
1886.0000000000
1848.0000000000
1900.0000000000
1857.0000000000
1839.0000000000
1885.0000000000
1870.0000000000
1846.0000000000
1877.0000000000
1852.0000000000
1853.0000000000
1822.0000000000
1860.0000000000
1863.0000000000
1825.0000000000
1882.0000000000
1853.0000000000
1838.0000000000
1884.0000000000
1824.0000000000
1854.0000000000
1930.0000000000
1809.0000000000
1905.0000000000
1865.0000000000
1842.0000000000
1897.0000000000
1839.0000000000
1856.0000000000
1887.0000000000
1875.0000000000
1871.0000000000
1921.0000000000
1842.0000000000
1892.0000000000
1922.0000000000
1807.0000000000
2007.0000000000
1935.0000000000
1841.0000000000
1934.0000000000
1896.0000000000
1888.0000000000
1879.0000000000
1955.0000000000
1832.0000000000
1930.0000000000
1916.0000000000
1872.0000000000
1990.0000000000
1834.0000000000
1871.0000000000
1985.0000000000
1813.0000000000
1910.0000000000
1901.0000000000
1840.0000000000
1915.0000000000
1878.0000000000
1851.0000000000
1830.0000000000
1845.0000000000
1876.0000000000
1891.0000000000
1840.0000000000
1869.0000000000
1872.0000000000
1831.0000000000
1871.0000000000
1856.0000000000
1829.0000000000
1873.0000000000
1822.0000000000
1872.0000000000
1820.0000000000
1856.0000000000
1859.0000000000
1827.0000000000
1879.0000000000
1870.0000000000
1835.0000000000
1902.0000000000
1868.0000000000
1827.0000000000
1915.0000000000
1838.0000000000
1855.0000000000
1916.0000000000
1799.0000000000
1892.0000000000
1872.0000000000
1845.0000000000
1930.0000000000
1872.0000000000
1881.0000000000
1905.0000000000
1929.0000000000
1793.0000000000
1911.0000000000
1893.0000000000
1810.0000000000
2062.0000000000
1795.0000000000
1975.0000000000
1919.0000000000
1872.0000000000
1949.0000000000
1898.0000000000
1949.0000000000
1875.0000000000
1961.0000000000
1848.0000000000
1892.0000000000
1959.0000000000
1818.0000000000
2000.0000000000
1857.0000000000
1851.0000000000
1969.0000000000
1828.0000000000
1898.0000000000
1898.0000000000
1855.0000000000
1909.0000000000
1889.0000000000
1840.0000000000
1903.0000000000
1902.0000000000
1832.0000000000
1883.0000000000
1877.0000000000
1828.0000000000
1887.0000000000
1853.0000000000
1834.0000000000
1838.0000000000
1865.0000000000
1850.0000000000
1831.0000000000
1866.0000000000
1852.0000000000
1831.0000000000
1877.0000000000
1836.0000000000
1852.0000000000
1904.0000000000
1828.0000000000
1862.0000000000
1911.0000000000
1815.0000000000
1922.0000000000
1863.0000000000
1857.0000000000
1890.0000000000
1881.0000000000
1868.0000000000
1904.0000000000
1877.0000000000
1808.0000000000
1943.0000000000
1862.0000000000
1897.0000000000
1995.0000000000
1819.0000000000
1957.0000000000
1853.0000000000
1868.0000000000
1940.0000000000
1875.0000000000
1849.0000000000
1911.0000000000
1949.0000000000
1827.0000000000
1932.0000000000
1909.0000000000
1825.0000000000
1971.0000000000
1834.0000000000
1884.0000000000
1939.0000000000
1806.0000000000
1913.0000000000
1899.0000000000
1874.0000000000
1898.0000000000
1860.0000000000
1848.0000000000
1896.0000000000
1868.0000000000
1853.0000000000
1898.0000000000
1854.0000000000
1841.0000000000
1887.0000000000
1839.0000000000
1886.0000000000
1857.0000000000
1839.0000000000
1835.0000000000
1857.0000000000
1860.0000000000
1828.0000000000
1858.0000000000
1868.0000000000
1814.0000000000
1871.0000000000
1851.0000000000
1818.0000000000
1910.0000000000
1848.0000000000
1829.0000000000
1925.0000000000
1846.0000000000
1847.0000000000
1935.0000000000
1820.0000000000
1911.0000000000
1897.0000000000
1876.0000000000
1914.0000000000
1945.0000000000
1858.0000000000
1894.0000000000
1947.0000000000
1814.0000000000
2012.0000000000
1813.0000000000
1874.0000000000
2040.0000000000
1813.0000000000
1993.0000000000
1893.0000000000
1887.0000000000
1932.0000000000
1890.0000000000
1911.0000000000
1859.0000000000
1969.0000000000
1830.0000000000
1928.0000000000
1904.0000000000
1830.0000000000
2033.0000000000
1861.0000000000
1881.0000000000
1939.0000000000
1830.0000000000
1891.0000000000
1913.0000000000
1866.0000000000
1911.0000000000
1896.0000000000
1835.0000000000
1890.0000000000
1877.0000000000
1832.0000000000
1903.0000000000
1837.0000000000
1838.0000000000
1874.0000000000
1861.0000000000
1853.0000000000
1833.0000000000
1855.0000000000
1856.0000000000
1819.0000000000
1868.0000000000
1866.0000000000
1835.0000000000
1886.0000000000
1837.0000000000
1839.0000000000
1912.0000000000
1812.0000000000
1876.0000000000
1900.0000000000
1816.0000000000
1924.0000000000
1859.0000000000
1879.0000000000
1858.0000000000
1907.0000000000
1873.0000000000
1903.0000000000
1878.0000000000
1859.0000000000
1901.0000000000
1824.0000000000
1919.0000000000
1959.0000000000
1833.0000000000
1981.0000000000
1880.0000000000
1887.0000000000
1937.0000000000
1893.0000000000
1846.0000000000
1933.0000000000
2020.0000000000
1817.0000000000
1957.0000000000
1897.0000000000
1819.0000000000
1989.0000000000
1843.0000000000
1890.0000000000
1941.0000000000
1852.0000000000
1933.0000000000
1881.0000000000
1849.0000000000
1909.0000000000
1887.0000000000
1844.0000000000
1876.0000000000
1872.0000000000
1891.0000000000
1887.0000000000
1850.0000000000
1871.0000000000
1874.0000000000
1831.0000000000
1860.0000000000
1840.0000000000
1869.0000000000
1821.0000000000
1842.0000000000
1868.0000000000
1822.0000000000
1866.0000000000
1866.0000000000
1811.0000000000
1865.0000000000
1857.0000000000
1819.0000000000
1917.0000000000
1883.0000000000
1811.0000000000
1934.0000000000
1832.0000000000
1874.0000000000
1902.0000000000
1854.0000000000
1960.0000000000
1858.0000000000
1893.0000000000
1897.0000000000
1907.0000000000
1943.0000000000
1921.0000000000
1907.0000000000
1789.0000000000
2007.0000000000
1843.0000000000
1878.0000000000
2022.0000000000
1833.0000000000
1981.0000000000
1870.0000000000
1918.0000000000
1891.0000000000
1902.0000000000
1933.0000000000
1854.0000000000
1981.0000000000
1825.0000000000
1943.0000000000
1910.0000000000
1842.0000000000
1969.0000000000
1845.0000000000
1896.0000000000
1940.0000000000
1835.0000000000
1902.0000000000
1903.0000000000
1864.0000000000
1844.0000000000
1905.0000000000
1837.0000000000
1866.0000000000
1891.0000000000
1832.0000000000
1861.0000000000
1863.0000000000
1842.0000000000
1829.0000000000
1844.0000000000
1859.0000000000
1823.0000000000
1856.0000000000
1860.0000000000
1831.0000000000
1880.0000000000
1843.0000000000
1815.0000000000
1902.0000000000
1855.0000000000
1824.0000000000
1938.0000000000
1823.0000000000
1879.0000000000
1915.0000000000
1836.0000000000
1917.0000000000
1834.0000000000
1863.0000000000
1887.0000000000
1885.0000000000
1861.0000000000
1920.0000000000
1867.0000000000
1847.0000000000
2017.0000000000
1842.0000000000
1893.0000000000
1964.0000000000
1832.0000000000
1927.0000000000
1887.0000000000
1882.0000000000
1882.0000000000
1933.0000000000
1883.0000000000
1904.0000000000
1856.0000000000
1821.0000000000
1976.0000000000
1880.0000000000
1832.0000000000
1966.0000000000
1852.0000000000
1882.0000000000
1930.0000000000
1851.0000000000
1913.0000000000
1892.0000000000
1843.0000000000
1892.0000000000
1889.0000000000
1847.0000000000
1898.0000000000
1863.0000000000
1855.0000000000
1890.0000000000
1839.0000000000
1856.0000000000
1861.0000000000
1838.0000000000
1840.0000000000
1828.0000000000
1883.0000000000
1816.0000000000
1846.0000000000
1879.0000000000
1826.0000000000
1874.0000000000
1878.0000000000
1818.0000000000
1891.0000000000
1885.0000000000
1829.0000000000
1909.0000000000
1880.0000000000
1811.0000000000
1931.0000000000
1833.0000000000
1877.0000000000
1926.0000000000
1846.0000000000
1899.0000000000
1851.0000000000
1929.0000000000
1838.0000000000
1967.0000000000
1890.0000000000
1949.0000000000
1894.0000000000
1805.0000000000
2068.0000000000
1847.0000000000
1880.0000000000
1965.0000000000
1845.0000000000
1968.0000000000
1889.0000000000
1943.0000000000
1908.0000000000
1927.0000000000
1894.0000000000
1860.0000000000
1995.0000000000
1810.0000000000
1957.0000000000
1911.0000000000
1825.0000000000
1971.0000000000
1850.0000000000
1882.0000000000
1942.0000000000
1851.0000000000
1896.0000000000
1900.0000000000
1859.0000000000
1850.0000000000
1893.0000000000
1830.0000000000
1888.0000000000
1843.0000000000
1836.0000000000
1864.0000000000
1863.0000000000
1863.0000000000
1826.0000000000
1827.0000000000
1871.0000000000
1814.0000000000
1862.0000000000
1862.0000000000
1829.0000000000
1867.0000000000
1872.0000000000
1831.0000000000
1904.0000000000
1851.0000000000
1814.0000000000
1947.0000000000
1813.0000000000
1919.0000000000
1881.0000000000
1856.0000000000
1876.0000000000
1881.0000000000
1892.0000000000
1876.0000000000
1922.0000000000
1816.0000000000
1898.0000000000
1840.0000000000
1890.0000000000
1984.0000000000
1830.0000000000
1869.0000000000
1879.0000000000
